1.00000 -0.00098 -0.00001 0.00000 0.00098 1.00000 -0.00004 0.00006 0.00001 0.00004 1.00000 -0.00015
1.00000 -0.00097 0.00009 -0.01046 0.00097 1.00000 -0.00010 -0.03768 -0.00009 0.00010 1.00000 0.02058
1.00000 -0.00095 0.00018 -0.02092 0.00095 1.00000 -0.00015 -0.07540 -0.00018 0.00015 1.00000 0.04131
1.00000 -0.00093 0.00028 -0.03138 0.00093 1.00000 -0.00019 -0.11311 -0.00028 0.00019 1.00000 0.06204
1.00000 -0.00090 0.00037 -0.04184 0.00090 1.00000 -0.00022 -0.15081 -0.00037 0.00022 1.00000 0.08277
1.00000 -0.00086 0.00047 -0.05229 0.00086 1.00000 -0.00025 -0.18849 -0.00047 0.00025 1.00000 0.10351
1.00000 -0.00083 0.00056 -0.06274 0.00083 1.00000 -0.00026 -0.22617 -0.00056 0.00026 1.00000 0.12425
1.00000 -0.00079 0.00065 -0.07319 0.00079 1.00000 -0.00027 -0.26383 -0.00065 0.00027 1.00000 0.14500
1.00000 -0.00075 0.00074 -0.08363 0.00075 1.00000 -0.00027 -0.30149 -0.00074 0.00027 1.00000 0.16575
1.00000 -0.00071 0.00082 -0.09407 0.00071 1.00000 -0.00026 -0.33913 -0.00082 0.00026 1.00000 0.18650
1.00000 -0.00067 0.00091 -0.10451 0.00067 1.00000 -0.00024 -0.37676 -0.00091 0.00024 1.00000 0.20725
1.00000 -0.00063 0.00099 -0.11495 0.00063 1.00000 -0.00022 -0.41438 -0.00099 0.00022 1.00000 0.22801
1.00000 -0.00059 0.00107 -0.12538 0.00059 1.00000 -0.00020 -0.45198 -0.00107 0.00020 1.00000 0.24877
1.00000 -0.00055 0.00115 -0.13581 0.00055 1.00000 -0.00017 -0.48958 -0.00115 0.00017 1.00000 0.26954
1.00000 -0.00050 0.00123 -0.14624 0.00050 1.00000 -0.00014 -0.52716 -0.00123 0.00014 1.00000 0.29030
1.00000 -0.00045 0.00131 -0.15666 0.00045 1.00000 -0.00010 -0.56474 -0.00131 0.00010 1.00000 0.31108
1.00000 -0.00040 0.00138 -0.16708 0.00040 1.00000 -0.00006 -0.60230 -0.00138 0.00006 1.00000 0.33185
1.00000 -0.00035 0.00145 -0.17750 0.00035 1.00000 -0.00002 -0.63985 -0.00145 0.00002 1.00000 0.35262
1.00000 -0.00029 0.00152 -0.18792 0.00029 1.00000 0.00003 -0.67739 -0.00152 -0.00003 1.00000 0.37340
1.00000 -0.00023 0.00158 -0.19833 0.00023 1.00000 0.00007 -0.71491 -0.00158 -0.00007 1.00000 0.39419
1.00000 -0.00017 0.00165 -0.20874 0.00017 1.00000 0.00012 -0.75243 -0.00165 -0.00012 1.00000 0.41497
1.00000 -0.00010 0.00170 -0.21915 0.00010 1.00000 0.00016 -0.78993 -0.00170 -0.00016 1.00000 0.43576
1.00000 -0.00003 0.00176 -0.22955 0.00003 1.00000 0.00021 -0.82742 -0.00176 -0.00021 1.00000 0.45656
1.00000 0.00004 0.00180 -0.23996 -0.00004 1.00000 0.00025 -0.86490 -0.00180 -0.00025 1.00000 0.47735
1.00000 0.00011 0.00185 -0.25036 -0.00011 1.00000 0.00029 -0.90237 -0.00185 -0.00029 1.00000 0.49815
1.00000 0.00019 0.00189 -0.26075 -0.00019 1.00000 0.00033 -0.93983 -0.00189 -0.00033 1.00000 0.51895
1.00000 0.00027 0.00192 -0.27115 -0.00027 1.00000 0.00036 -0.97728 -0.00192 -0.00037 1.00000 0.53976
1.00000 0.00034 0.00195 -0.28154 -0.00034 1.00000 0.00040 -1.01471 -0.00195 -0.00040 1.00000 0.56057
1.00000 0.00042 0.00197 -0.29193 -0.00042 1.00000 0.00042 -1.05213 -0.00197 -0.00042 1.00000 0.58138
1.00000 0.00050 0.00199 -0.30232 -0.00050 1.00000 0.00045 -1.08954 -0.00199 -0.00045 1.00000 0.60219
1.00000 0.00058 0.00201 -0.31271 -0.00058 1.00000 0.00047 -1.12694 -0.00201 -0.00047 1.00000 0.62301
1.00000 0.00065 0.00202 -0.32309 -0.00066 1.00000 0.00048 -1.16433 -0.00202 -0.00048 1.00000 0.64384
1.00000 0.00073 0.00203 -0.33347 -0.00073 1.00000 0.00050 -1.20170 -0.00203 -0.00050 1.00000 0.66466
1.00000 0.00080 0.00204 -0.34385 -0.00080 1.00000 0.00050 -1.23906 -0.00204 -0.00051 1.00000 0.68549
1.00000 0.00087 0.00205 -0.35423 -0.00087 1.00000 0.00051 -1.27641 -0.00205 -0.00051 1.00000 0.70633
1.00000 0.00094 0.00205 -0.36461 -0.00094 1.00000 0.00051 -1.31375 -0.00205 -0.00051 1.00000 0.72717
1.00000 0.00100 0.00205 -0.37498 -0.00100 1.00000 0.00051 -1.35108 -0.00205 -0.00051 1.00000 0.74801
1.00000 0.00106 0.00205 -0.38535 -0.00107 1.00000 0.00050 -1.38839 -0.00205 -0.00051 1.00000 0.76885
1.00000 0.00113 0.00205 -0.39572 -0.00113 1.00000 0.00050 -1.42569 -0.00205 -0.00050 1.00000 0.78970
1.00000 0.00119 0.00204 -0.40609 -0.00119 1.00000 0.00049 -1.46298 -0.00204 -0.00049 1.00000 0.81056
1.00000 0.00125 0.00204 -0.41646 -0.00125 1.00000 0.00048 -1.50026 -0.00204 -0.00048 1.00000 0.83141
1.00000 0.00132 0.00203 -0.42682 -0.00132 1.00000 0.00047 -1.53752 -0.00203 -0.00047 1.00000 0.85227
1.00000 0.00138 0.00202 -0.43718 -0.00138 1.00000 0.00045 -1.57478 -0.00201 -0.00046 1.00000 0.87314
1.00000 0.00145 0.00200 -0.44754 -0.00145 1.00000 0.00044 -1.61202 -0.00200 -0.00045 1.00000 0.89400
1.00000 0.00152 0.00199 -0.45790 -0.00152 1.00000 0.00043 -1.64925 -0.00199 -0.00043 1.00000 0.91487
1.00000 0.00159 0.00197 -0.46826 -0.00159 1.00000 0.00042 -1.68646 -0.00197 -0.00042 1.00000 0.93575
1.00000 0.00166 0.00195 -0.47861 -0.00166 1.00000 0.00041 -1.72367 -0.00195 -0.00042 1.00000 0.95662
1.00000 0.00173 0.00193 -0.48897 -0.00173 1.00000 0.00041 -1.76087 -0.00193 -0.00041 1.00000 0.97751
1.00000 0.00181 0.00190 -0.49932 -0.00181 1.00000 0.00041 -1.79805 -0.00190 -0.00041 1.00000 0.99839
1.00000 0.00189 0.00188 -0.50967 -0.00189 1.00000 0.00041 -1.83522 -0.00188 -0.00041 1.00000 1.01928
1.00000 0.00198 0.00185 -0.52002 -0.00198 1.00000 0.00042 -1.87238 -0.00185 -0.00042 1.00000 1.04017
1.00000 0.00206 0.00182 -0.53036 -0.00206 1.00000 0.00043 -1.90953 -0.00182 -0.00043 1.00000 1.06106
1.00000 0.00215 0.00179 -0.54071 -0.00215 1.00000 0.00045 -1.94667 -0.00179 -0.00045 1.00000 1.08196
1.00000 0.00224 0.00176 -0.55105 -0.00224 1.00000 0.00047 -1.98379 -0.00176 -0.00047 1.00000 1.10286
1.00000 0.00233 0.00173 -0.56139 -0.00233 1.00000 0.00050 -2.02090 -0.00173 -0.00050 1.00000 1.12376
1.00000 0.00242 0.00170 -0.57173 -0.00242 1.00000 0.00053 -2.05801 -0.00170 -0.00054 1.00000 1.14467
1.00000 0.00250 0.00167 -0.58206 -0.00250 1.00000 0.00058 -2.09510 -0.00167 -0.00058 1.00000 1.16558
1.00000 0.00259 0.00164 -0.59240 -0.00259 1.00000 0.00062 -2.13217 -0.00164 -0.00063 1.00000 1.18649
1.00000 0.00267 0.00161 -0.60273 -0.00267 1.00000 0.00068 -2.16924 -0.00161 -0.00068 1.00000 1.20741
0.99999 0.00275 0.00158 -0.61306 -0.00275 1.00000 0.00074 -2.20629 -0.00158 -0.00074 1.00000 1.22833
0.99999 0.00282 0.00156 -0.62339 -0.00282 1.00000 0.00080 -2.24334 -0.00156 -0.00081 1.00000 1.24925
0.99999 0.00290 0.00153 -0.63372 -0.00290 1.00000 0.00087 -2.28037 -0.00153 -0.00088 1.00000 1.27018
0.99999 0.00297 0.00151 -0.64404 -0.00297 1.00000 0.00094 -2.31739 -0.00151 -0.00095 1.00000 1.29111
0.99999 0.00304 0.00149 -0.65436 -0.00305 0.99999 0.00102 -2.35440 -0.00149 -0.00102 1.00000 1.31204
0.99999 0.00311 0.00147 -0.66468 -0.00312 0.99999 0.00109 -2.39139 -0.00147 -0.00110 1.00000 1.33298
0.99999 0.00318 0.00146 -0.67500 -0.00319 0.99999 0.00117 -2.42838 -0.00146 -0.00118 1.00000 1.35392
0.99999 0.00325 0.00145 -0.68532 -0.00325 0.99999 0.00125 -2.46535 -0.00144 -0.00125 1.00000 1.37486
0.99999 0.00332 0.00144 -0.69563 -0.00332 0.99999 0.00132 -2.50231 -0.00143 -0.00133 1.00000 1.39580
0.99999 0.00339 0.00143 -0.70594 -0.00339 0.99999 0.00140 -2.53926 -0.00143 -0.00140 1.00000 1.41675
0.99999 0.00345 0.00142 -0.71625 -0.00346 0.99999 0.00147 -2.57620 -0.00142 -0.00148 1.00000 1.43771
0.99999 0.00352 0.00142 -0.72656 -0.00352 0.99999 0.00154 -2.61312 -0.00141 -0.00155 1.00000 1.45866
0.99999 0.00359 0.00141 -0.73686 -0.00359 0.99999 0.00161 -2.65004 -0.00141 -0.00161 1.00000 1.47962
0.99999 0.00365 0.00141 -0.74717 -0.00365 0.99999 0.00167 -2.68694 -0.00140 -0.00167 1.00000 1.50059
0.99999 0.00372 0.00140 -0.75747 -0.00372 0.99999 0.00173 -2.72383 -0.00140 -0.00173 1.00000 1.52156
0.99999 0.00378 0.00140 -0.76777 -0.00378 0.99999 0.00178 -2.76071 -0.00139 -0.00178 1.00000 1.54253
0.99999 0.00385 0.00139 -0.77806 -0.00385 0.99999 0.00182 -2.79758 -0.00139 -0.00183 1.00000 1.56350
0.99999 0.00391 0.00139 -0.78836 -0.00391 0.99999 0.00187 -2.83444 -0.00138 -0.00187 1.00000 1.58448
0.99999 0.00397 0.00139 -0.79865 -0.00397 0.99999 0.00191 -2.87128 -0.00138 -0.00191 1.00000 1.60546
0.99999 0.00403 0.00139 -0.80894 -0.00403 0.99999 0.00195 -2.90811 -0.00138 -0.00195 1.00000 1.62645
0.99999 0.00409 0.00139 -0.81923 -0.00409 0.99999 0.00198 -2.94493 -0.00139 -0.00199 1.00000 1.64744
0.99999 0.00414 0.00140 -0.82952 -0.00414 0.99999 0.00202 -2.98174 -0.00140 -0.00202 1.00000 1.66843
0.99999 0.00419 0.00142 -0.83980 -0.00420 0.99999 0.00205 -3.01854 -0.00141 -0.00206 1.00000 1.68943
0.99999 0.00425 0.00143 -0.85008 -0.00425 0.99999 0.00208 -3.05532 -0.00143 -0.00209 1.00000 1.71042
0.99999 0.00429 0.00146 -0.86037 -0.00430 0.99999 0.00211 -3.09210 -0.00145 -0.00212 1.00000 1.73143
0.99999 0.00434 0.00148 -0.87065 -0.00434 0.99999 0.00214 -3.12886 -0.00147 -0.00215 1.00000 1.75243
0.99999 0.00439 0.00151 -0.88093 -0.00439 0.99999 0.00217 -3.16561 -0.00150 -0.00218 1.00000 1.77344
0.99999 0.00443 0.00154 -0.89121 -0.00443 0.99999 0.00220 -3.20235 -0.00153 -0.00220 1.00000 1.79445
0.99999 0.00448 0.00157 -0.90148 -0.00448 0.99999 0.00222 -3.23907 -0.00156 -0.00223 1.00000 1.81547
0.99999 0.00452 0.00160 -0.91176 -0.00452 0.99999 0.00225 -3.27579 -0.00159 -0.00225 1.00000 1.83649
0.99999 0.00456 0.00164 -0.92203 -0.00457 0.99999 0.00227 -3.31249 -0.00162 -0.00228 1.00000 1.85751
0.99999 0.00461 0.00167 -0.93230 -0.00461 0.99999 0.00229 -3.34918 -0.00166 -0.00230 1.00000 1.87853
0.99999 0.00465 0.00170 -0.94257 -0.00466 0.99999 0.00231 -3.38586 -0.00169 -0.00231 1.00000 1.89956
0.99999 0.00470 0.00174 -0.95284 -0.00471 0.99999 0.00232 -3.42253 -0.00173 -0.00233 1.00000 1.92059
0.99999 0.00476 0.00177 -0.96310 -0.00476 0.99999 0.00234 -3.45919 -0.00176 -0.00235 1.00000 1.94163
0.99999 0.00481 0.00180 -0.97337 -0.00482 0.99999 0.00236 -3.49584 -0.00179 -0.00236 1.00000 1.96267
0.99999 0.00488 0.00184 -0.98363 -0.00488 0.99999 0.00237 -3.53248 -0.00182 -0.00238 1.00000 1.98371
0.99999 0.00495 0.00187 -0.99389 -0.00495 0.99998 0.00238 -3.56910 -0.00185 -0.00239 1.00000 2.00476
0.99999 0.00502 0.00189 -1.00415 -0.00503 0.99998 0.00240 -3.60572 -0.00188 -0.00241 1.00000 2.02581
0.99999 0.00511 0.00192 -1.01441 -0.00511 0.99998 0.00241 -3.64232 -0.00191 -0.00242 1.00000 2.04686
0.99998 0.00519 0.00195 -1.02466 -0.00520 0.99998 0.00242 -3.67891 -0.00193 -0.00243 1.00000 2.06791
0.99998 0.00528 0.00197 -1.03492 -0.00529 0.99998 0.00243 -3.71549 -0.00196 -0.00244 1.00000 2.08897
0.99998 0.00538 0.00199 -1.04517 -0.00538 0.99998 0.00244 -3.75207 -0.00198 -0.00245 1.00000 2.11004
0.99998 0.00547 0.00202 -1.05542 -0.00547 0.99998 0.00245 -3.78862 -0.00200 -0.00246 0.99999 2.13110
0.99998 0.00556 0.00204 -1.06567 -0.00557 0.99998 0.00246 -3.82517 -0.00202 -0.00247 0.99999 2.15217
0.99998 0.00565 0.00206 -1.07591 -0.00566 0.99998 0.00247 -3.86170 -0.00205 -0.00248 0.99999 2.17325
0.99998 0.00574 0.00208 -1.08616 -0.00574 0.99998 0.00247 -3.89823 -0.00207 -0.00248 0.99999 2.19432
0.99998 0.00582 0.00211 -1.09640 -0.00582 0.99998 0.00248 -3.93474 -0.00209 -0.00249 0.99999 2.21541
0.99998 0.00589 0.00213 -1.10665 -0.00590 0.99998 0.00248 -3.97124 -0.00211 -0.00249 0.99999 2.23649
0.99998 0.00596 0.00215 -1.11689 -0.00597 0.99998 0.00248 -4.00772 -0.00214 -0.00249 0.99999 2.25758
0.99998 0.00603 0.00218 -1.12712 -0.00603 0.99998 0.00247 -4.04420 -0.00217 -0.00249 0.99999 2.27867
0.99998 0.00609 0.00221 -1.13736 -0.00609 0.99998 0.00247 -4.08066 -0.00219 -0.00248 0.99999 2.29976
0.99998 0.00614 0.00224 -1.14760 -0.00615 0.99998 0.00246 -4.11711 -0.00222 -0.00247 0.99999 2.32086
0.99998 0.00619 0.00227 -1.15783 -0.00620 0.99998 0.00244 -4.15355 -0.00225 -0.00246 0.99999 2.34196
0.99998 0.00623 0.00230 -1.16806 -0.00624 0.99998 0.00243 -4.18998 -0.00228 -0.00244 0.99999 2.36306
0.99998 0.00627 0.00233 -1.17829 -0.00627 0.99998 0.00241 -4.22640 -0.00232 -0.00242 0.99999 2.38417
0.99998 0.00629 0.00237 -1.18852 -0.00630 0.99998 0.00238 -4.26280 -0.00235 -0.00240 0.99999 2.40529
0.99998 0.00632 0.00240 -1.19875 -0.00632 0.99998 0.00236 -4.29919 -0.00239 -0.00237 0.99999 2.42640
0.99998 0.00633 0.00244 -1.20897 -0.00634 0.99998 0.00233 -4.33557 -0.00242 -0.00235 0.99999 2.44752
0.99998 0.00634 0.00247 -1.21919 -0.00635 0.99998 0.00231 -4.37194 -0.00245 -0.00232 0.99999 2.46864
0.99998 0.00634 0.00250 -1.22942 -0.00635 0.99998 0.00228 -4.40829 -0.00248 -0.00230 0.99999 2.48977
0.99998 0.00634 0.00252 -1.23963 -0.00635 0.99998 0.00226 -4.44463 -0.00251 -0.00228 0.99999 2.51089
0.99998 0.00633 0.00255 -1.24985 -0.00634 0.99998 0.00224 -4.48097 -0.00253 -0.00226 0.99999 2.53203
0.99998 0.00632 0.00257 -1.26007 -0.00632 0.99998 0.00222 -4.51729 -0.00255 -0.00224 0.99999 2.55317
0.99998 0.00630 0.00259 -1.27028 -0.00630 0.99998 0.00221 -4.55360 -0.00257 -0.00222 0.99999 2.57431
0.99998 0.00628 0.00260 -1.28050 -0.00628 0.99998 0.00219 -4.58989 -0.00259 -0.00221 0.99999 2.59545
0.99998 0.00625 0.00261 -1.29071 -0.00626 0.99998 0.00218 -4.62618 -0.00260 -0.00219 0.99999 2.61660
0.99998 0.00623 0.00262 -1.30092 -0.00623 0.99998 0.00217 -4.66245 -0.00261 -0.00218 0.99999 2.63775
0.99998 0.00620 0.00263 -1.31113 -0.00621 0.99998 0.00215 -4.69871 -0.00261 -0.00217 0.99999 2.65891
0.99998 0.00618 0.00263 -1.32133 -0.00618 0.99998 0.00214 -4.73496 -0.00262 -0.00216 0.99999 2.68007
0.99998 0.00615 0.00264 -1.33154 -0.00616 0.99998 0.00213 -4.77120 -0.00262 -0.00215 0.99999 2.70123
0.99998 0.00613 0.00264 -1.34174 -0.00614 0.99998 0.00212 -4.80742 -0.00263 -0.00214 0.99999 2.72240
0.99998 0.00611 0.00264 -1.35195 -0.00611 0.99998 0.00211 -4.84364 -0.00263 -0.00213 0.99999 2.74357
0.99998 0.00609 0.00264 -1.36215 -0.00610 0.99998 0.00211 -4.87984 -0.00263 -0.00212 0.99999 2.76474
0.99998 0.00607 0.00264 -1.37235 -0.00608 0.99998 0.00210 -4.91603 -0.00263 -0.00212 0.99999 2.78591
0.99998 0.00606 0.00265 -1.38254 -0.00607 0.99998 0.00210 -4.95221 -0.00263 -0.00211 0.99999 2.80709
0.99998 0.00605 0.00265 -1.39274 -0.00606 0.99998 0.00209 -4.98838 -0.00264 -0.00211 0.99999 2.82828
0.99998 0.00605 0.00265 -1.40293 -0.00605 0.99998 0.00209 -5.02454 -0.00264 -0.00211 0.99999 2.84946
0.99998 0.00605 0.00266 -1.41313 -0.00605 0.99998 0.00210 -5.06068 -0.00264 -0.00211 0.99999 2.87065
0.99998 0.00605 0.00266 -1.42332 -0.00606 0.99998 0.00210 -5.09681 -0.00265 -0.00212 0.99999 2.89184
0.99998 0.00606 0.00267 -1.43351 -0.00606 0.99998 0.00211 -5.13293 -0.00266 -0.00212 0.99999 2.91304
0.99998 0.00607 0.00268 -1.44370 -0.00608 0.99998 0.00212 -5.16905 -0.00267 -0.00213 0.99999 2.93424
0.99998 0.00608 0.00270 -1.45388 -0.00609 0.99998 0.00213 -5.20514 -0.00268 -0.00214 0.99999 2.95544
0.99998 0.00610 0.00271 -1.46407 -0.00611 0.99998 0.00213 -5.24123 -0.00270 -0.00215 0.99999 2.97664
0.99998 0.00612 0.00274 -1.47425 -0.00613 0.99998 0.00214 -5.27730 -0.00272 -0.00216 0.99999 2.99785
0.99998 0.00614 0.00276 -1.48444 -0.00615 0.99998 0.00215 -5.31337 -0.00275 -0.00217 0.99999 3.01906
0.99998 0.00617 0.00279 -1.49462 -0.00617 0.99998 0.00216 -5.34942 -0.00278 -0.00218 0.99999 3.04027
0.99998 0.00619 0.00282 -1.50480 -0.00620 0.99998 0.00216 -5.38546 -0.00281 -0.00218 0.99999 3.06148
0.99998 0.00622 0.00286 -1.51498 -0.00623 0.99998 0.00217 -5.42149 -0.00285 -0.00219 0.99999 3.08270
0.99998 0.00625 0.00290 -1.52515 -0.00626 0.99998 0.00218 -5.45750 -0.00288 -0.00219 0.99999 3.10392
0.99998 0.00628 0.00294 -1.53533 -0.00628 0.99998 0.00218 -5.49350 -0.00293 -0.00220 0.99999 3.12515
0.99998 0.00631 0.00298 -1.54550 -0.00631 0.99998 0.00219 -5.52950 -0.00297 -0.00221 0.99999 3.14638
0.99998 0.00633 0.00303 -1.55567 -0.00634 0.99998 0.00220 -5.56548 -0.00301 -0.00222 0.99999 3.16761
0.99998 0.00636 0.00307 -1.56585 -0.00637 0.99998 0.00221 -5.60145 -0.00306 -0.00223 0.99999 3.18884
0.99997 0.00638 0.00312 -1.57601 -0.00639 0.99998 0.00222 -5.63740 -0.00310 -0.00224 0.99999 3.21008
0.99997 0.00641 0.00316 -1.58618 -0.00641 0.99998 0.00224 -5.67335 -0.00315 -0.00226 0.99999 3.23132
0.99997 0.00643 0.00320 -1.59635 -0.00643 0.99998 0.00226 -5.70928 -0.00319 -0.00228 0.99999 3.25256
0.99997 0.00645 0.00324 -1.60652 -0.00645 0.99998 0.00228 -5.74521 -0.00323 -0.00230 0.99999 3.27381
0.99997 0.00647 0.00328 -1.61668 -0.00647 0.99998 0.00231 -5.78111 -0.00327 -0.00233 0.99999 3.29506
0.99997 0.00648 0.00332 -1.62684 -0.00649 0.99998 0.00234 -5.81701 -0.00330 -0.00236 0.99999 3.31632
0.99997 0.00650 0.00335 -1.63701 -0.00651 0.99998 0.00238 -5.85290 -0.00333 -0.00240 0.99999 3.33758
0.99997 0.00652 0.00337 -1.64717 -0.00653 0.99998 0.00242 -5.88878 -0.00335 -0.00244 0.99999 3.35884
0.99997 0.00654 0.00339 -1.65733 -0.00655 0.99998 0.00246 -5.92464 -0.00337 -0.00248 0.99999 3.38011
0.99997 0.00656 0.00341 -1.66748 -0.00657 0.99998 0.00251 -5.96049 -0.00339 -0.00253 0.99999 3.40138
0.99997 0.00658 0.00342 -1.67764 -0.00659 0.99998 0.00257 -5.99633 -0.00340 -0.00259 0.99999 3.42265
0.99997 0.00660 0.00342 -1.68780 -0.00661 0.99997 0.00263 -6.03216 -0.00341 -0.00265 0.99999 3.44393
0.99997 0.00663 0.00343 -1.69795 -0.00664 0.99997 0.00269 -6.06798 -0.00341 -0.00271 0.99999 3.46522
0.99997 0.00666 0.00343 -1.70810 -0.00667 0.99997 0.00276 -6.10378 -0.00341 -0.00278 0.99999 3.48650
0.99997 0.00670 0.00342 -1.71825 -0.00671 0.99997 0.00283 -6.13958 -0.00340 -0.00285 0.99999 3.50779
0.99997 0.00674 0.00342 -1.72840 -0.00675 0.99997 0.00291 -6.17536 -0.00340 -0.00293 0.99999 3.52909
0.99997 0.00678 0.00341 -1.73855 -0.00679 0.99997 0.00299 -6.21114 -0.00339 -0.00301 0.99999 3.55038
0.99997 0.00683 0.00340 -1.74869 -0.00685 0.99997 0.00307 -6.24690 -0.00338 -0.00310 0.99999 3.57168
0.99997 0.00689 0.00339 -1.75883 -0.00690 0.99997 0.00316 -6.28265 -0.00337 -0.00318 0.99999 3.59299
0.99997 0.00695 0.00338 -1.76897 -0.00696 0.99997 0.00325 -6.31839 -0.00335 -0.00327 0.99999 3.61430
0.99997 0.00700 0.00336 -1.77911 -0.00701 0.99997 0.00334 -6.35411 -0.00334 -0.00337 0.99999 3.63561
0.99997 0.00706 0.00335 -1.78925 -0.00707 0.99997 0.00344 -6.38982 -0.00333 -0.00346 0.99999 3.65692
0.99997 0.00711 0.00334 -1.79938 -0.00712 0.99997 0.00354 -6.42553 -0.00331 -0.00356 0.99999 3.67824
0.99997 0.00716 0.00333 -1.80952 -0.00717 0.99997 0.00363 -6.46122 -0.00330 -0.00366 0.99999 3.69956
0.99997 0.00720 0.00331 -1.81965 -0.00722 0.99997 0.00373 -6.49690 -0.00329 -0.00375 0.99999 3.72088
0.99997 0.00724 0.00330 -1.82978 -0.00726 0.99997 0.00383 -6.53256 -0.00327 -0.00385 0.99999 3.74221
0.99997 0.00728 0.00329 -1.83990 -0.00729 0.99997 0.00393 -6.56822 -0.00326 -0.00395 0.99999 3.76354
0.99997 0.00731 0.00328 -1.85003 -0.00732 0.99997 0.00403 -6.60386 -0.00325 -0.00405 0.99999 3.78487
0.99997 0.00733 0.00328 -1.86015 -0.00735 0.99996 0.00413 -6.63949 -0.00325 -0.00415 0.99999 3.80621
0.99997 0.00735 0.00327 -1.87027 -0.00737 0.99996 0.00423 -6.67510 -0.00324 -0.00425 0.99999 3.82754
0.99997 0.00737 0.00327 -1.88039 -0.00739 0.99996 0.00433 -6.71071 -0.00324 -0.00435 0.99999 3.84888
0.99997 0.00739 0.00327 -1.89051 -0.00740 0.99996 0.00443 -6.74631 -0.00324 -0.00445 0.99998 3.87023
0.99997 0.00740 0.00327 -1.90062 -0.00741 0.99996 0.00452 -6.78189 -0.00324 -0.00455 0.99998 3.89157
0.99997 0.00741 0.00328 -1.91073 -0.00742 0.99996 0.00462 -6.81746 -0.00324 -0.00464 0.99998 3.91293
0.99997 0.00741 0.00328 -1.92084 -0.00743 0.99996 0.00472 -6.85302 -0.00325 -0.00474 0.99998 3.93428
0.99997 0.00741 0.00329 -1.93095 -0.00743 0.99996 0.00481 -6.88856 -0.00326 -0.00483 0.99998 3.95563
0.99997 0.00741 0.00330 -1.94105 -0.00743 0.99996 0.00490 -6.92410 -0.00326 -0.00492 0.99998 3.97699
0.99997 0.00741 0.00331 -1.95116 -0.00743 0.99996 0.00499 -6.95962 -0.00327 -0.00501 0.99998 3.99836
0.99997 0.00741 0.00331 -1.96126 -0.00742 0.99996 0.00508 -6.99513 -0.00328 -0.00510 0.99998 4.01972
0.99997 0.00740 0.00332 -1.97136 -0.00742 0.99996 0.00516 -7.03063 -0.00328 -0.00519 0.99998 4.04109
0.99997 0.00739 0.00332 -1.98146 -0.00741 0.99996 0.00524 -7.06612 -0.00328 -0.00527 0.99998 4.06246
0.99997 0.00738 0.00332 -1.99155 -0.00740 0.99996 0.00532 -7.10159 -0.00328 -0.00535 0.99998 4.08384
0.99997 0.00737 0.00332 -2.00165 -0.00738 0.99996 0.00540 -7.13706 -0.00328 -0.00542 0.99998 4.10522
0.99997 0.00735 0.00332 -2.01174 -0.00737 0.99996 0.00547 -7.17251 -0.00328 -0.00550 0.99998 4.12660
0.99997 0.00733 0.00332 -2.02183 -0.00735 0.99996 0.00555 -7.20795 -0.00328 -0.00557 0.99998 4.14799
0.99997 0.00731 0.00332 -2.03192 -0.00733 0.99996 0.00562 -7.24338 -0.00328 -0.00564 0.99998 4.16938
0.99997 0.00729 0.00331 -2.04200 -0.00731 0.99996 0.00569 -7.27880 -0.00327 -0.00571 0.99998 4.19077
0.99997 0.00727 0.00331 -2.05209 -0.00729 0.99996 0.00575 -7.31421 -0.00326 -0.00578 0.99998 4.21217
0.99997 0.00725 0.00330 -2.06217 -0.00727 0.99996 0.00582 -7.34960 -0.00326 -0.00585 0.99998 4.23357
0.99997 0.00722 0.00329 -2.07225 -0.00724 0.99996 0.00589 -7.38499 -0.00325 -0.00591 0.99998 4.25498
0.99997 0.00719 0.00328 -2.08233 -0.00721 0.99996 0.00595 -7.42036 -0.00324 -0.00598 0.99998 4.27638
0.99997 0.00717 0.00327 -2.09241 -0.00719 0.99996 0.00602 -7.45572 -0.00323 -0.00604 0.99998 4.29779
0.99997 0.00714 0.00326 -2.10249 -0.00716 0.99996 0.00608 -7.49108 -0.00321 -0.00610 0.99998 4.31921
0.99997 0.00712 0.00324 -2.11256 -0.00714 0.99996 0.00615 -7.52642 -0.00320 -0.00617 0.99998 4.34062
0.99997 0.00710 0.00322 -2.12263 -0.00712 0.99996 0.00621 -7.56175 -0.00318 -0.00623 0.99998 4.36204
0.99997 0.00709 0.00320 -2.13270 -0.00711 0.99996 0.00628 -7.59707 -0.00316 -0.00630 0.99998 4.38347
0.99997 0.00708 0.00318 -2.14277 -0.00710 0.99995 0.00634 -7.63237 -0.00313 -0.00637 0.99997 4.40490
0.99997 0.00707 0.00315 -2.15284 -0.00709 0.99995 0.00641 -7.66767 -0.00311 -0.00643 0.99997 4.42633
0.99997 0.00707 0.00313 -2.16290 -0.00709 0.99995 0.00648 -7.70296 -0.00308 -0.00650 0.99997 4.44776
0.99997 0.00707 0.00310 -2.17297 -0.00709 0.99995 0.00655 -7.73823 -0.00305 -0.00657 0.99997 4.46920
0.99997 0.00707 0.00306 -2.18303 -0.00709 0.99995 0.00662 -7.77350 -0.00302 -0.00664 0.99997 4.49064
0.99997 0.00707 0.00303 -2.19309 -0.00709 0.99995 0.00669 -7.80875 -0.00298 -0.00672 0.99997 4.51208
0.99997 0.00708 0.00300 -2.20314 -0.00710 0.99995 0.00677 -7.84400 -0.00295 -0.00679 0.99997 4.53353
0.99997 0.00709 0.00297 -2.21320 -0.00711 0.99995 0.00684 -7.87922 -0.00292 -0.00686 0.99997 4.55498
0.99997 0.00709 0.00293 -2.22325 -0.00711 0.99995 0.00692 -7.91445 -0.00288 -0.00694 0.99997 4.57643
0.99997 0.00710 0.00290 -2.23330 -0.00712 0.99995 0.00699 -7.94966 -0.00285 -0.00701 0.99997 4.59789
0.99997 0.00711 0.00286 -2.24334 -0.00713 0.99995 0.00707 -7.98485 -0.00281 -0.00709 0.99997 4.61935
0.99997 0.00711 0.00283 -2.25339 -0.00713 0.99995 0.00715 -8.02004 -0.00277 -0.00717 0.99997 4.64081
0.99997 0.00712 0.00279 -2.26343 -0.00714 0.99995 0.00723 -8.05522 -0.00274 -0.00725 0.99997 4.66228
0.99997 0.00713 0.00275 -2.27347 -0.00715 0.99995 0.00731 -8.09038 -0.00270 -0.00732 0.99997 4.68375
0.99997 0.00714 0.00272 -2.28351 -0.00716 0.99995 0.00738 -8.12553 -0.00266 -0.00740 0.99997 4.70522
0.99997 0.00714 0.00268 -2.29355 -0.00716 0.99995 0.00746 -8.16067 -0.00263 -0.00748 0.99997 4.72670
0.99997 0.00715 0.00264 -2.30358 -0.00717 0.99995 0.00754 -8.19580 -0.00259 -0.00756 0.99997 4.74818
0.99997 0.00716 0.00260 -2.31361 -0.00718 0.99995 0.00762 -8.23092 -0.00255 -0.00764 0.99997 4.76966
0.99997 0.00716 0.00256 -2.32364 -0.00718 0.99994 0.00770 -8.26603 -0.00251 -0.00772 0.99997 4.79114
0.99997 0.00717 0.00253 -2.33367 -0.00719 0.99994 0.00778 -8.30113 -0.00247 -0.00779 0.99997 4.81263
0.99997 0.00717 0.00249 -2.34370 -0.00719 0.99994 0.00785 -8.33621 -0.00244 -0.00787 0.99997 4.83412
0.99997 0.00717 0.00246 -2.35372 -0.00719 0.99994 0.00793 -8.37129 -0.00240 -0.00795 0.99997 4.85562
0.99997 0.00717 0.00243 -2.36374 -0.00719 0.99994 0.00801 -8.40635 -0.00237 -0.00802 0.99996 4.87711
0.99997 0.00717 0.00241 -2.37376 -0.00719 0.99994 0.00808 -8.44140 -0.00235 -0.00810 0.99996 4.89861
0.99997 0.00716 0.00239 -2.38378 -0.00718 0.99994 0.00815 -8.47644 -0.00233 -0.00817 0.99996 4.92012
0.99997 0.00715 0.00237 -2.39380 -0.00717 0.99994 0.00823 -8.51147 -0.00231 -0.00824 0.99996 4.94163
0.99997 0.00713 0.00235 -2.40381 -0.00715 0.99994 0.00829 -8.54649 -0.00230 -0.00831 0.99996 4.96314
0.99997 0.00712 0.00234 -2.41383 -0.00714 0.99994 0.00836 -8.58150 -0.00228 -0.00838 0.99996 4.98465
0.99997 0.00710 0.00233 -2.42384 -0.00712 0.99994 0.00843 -8.61649 -0.00227 -0.00844 0.99996 5.00617
0.99997 0.00708 0.00232 -2.43385 -0.00710 0.99994 0.00849 -8.65148 -0.00226 -0.00851 0.99996 5.02769
0.99997 0.00705 0.00231 -2.44385 -0.00707 0.99994 0.00855 -8.68645 -0.00225 -0.00857 0.99996 5.04921
0.99997 0.00703 0.00230 -2.45386 -0.00705 0.99994 0.00861 -8.72141 -0.00224 -0.00862 0.99996 5.07074
0.99997 0.00700 0.00229 -2.46386 -0.00702 0.99994 0.00866 -8.75636 -0.00223 -0.00868 0.99996 5.09227
0.99997 0.00697 0.00228 -2.47387 -0.00699 0.99994 0.00871 -8.79129 -0.00222 -0.00873 0.99996 5.11381
0.99997 0.00694 0.00227 -2.48387 -0.00696 0.99994 0.00876 -8.82622 -0.00220 -0.00878 0.99996 5.13535
0.99997 0.00691 0.00225 -2.49386 -0.00693 0.99994 0.00881 -8.86114 -0.00219 -0.00882 0.99996 5.15689
0.99997 0.00689 0.00223 -2.50386 -0.00690 0.99994 0.00885 -8.89604 -0.00217 -0.00887 0.99996 5.17843
0.99997 0.00686 0.00221 -2.51385 -0.00688 0.99994 0.00889 -8.93093 -0.00215 -0.00891 0.99996 5.19998
0.99997 0.00683 0.00219 -2.52384 -0.00685 0.99994 0.00893 -8.96581 -0.00213 -0.00895 0.99996 5.22153
0.99997 0.00681 0.00216 -2.53383 -0.00683 0.99994 0.00897 -9.00068 -0.00210 -0.00898 0.99996 5.24309
0.99997 0.00679 0.00214 -2.54382 -0.00681 0.99994 0.00901 -9.03553 -0.00207 -0.00902 0.99996 5.26464
0.99997 0.00677 0.00211 -2.55381 -0.00679 0.99994 0.00904 -9.07038 -0.00204 -0.00905 0.99996 5.28621
0.99998 0.00675 0.00207 -2.56379 -0.00677 0.99994 0.00907 -9.10521 -0.00201 -0.00909 0.99996 5.30777
0.99998 0.00674 0.00204 -2.57377 -0.00676 0.99994 0.00911 -9.14004 -0.00198 -0.00912 0.99996 5.32934
0.99998 0.00673 0.00201 -2.58375 -0.00675 0.99994 0.00914 -9.17485 -0.00195 -0.00915 0.99996 5.35091
0.99998 0.00672 0.00198 -2.59373 -0.00674 0.99994 0.00917 -9.20965 -0.00192 -0.00919 0.99996 5.37249
0.99998 0.00671 0.00196 -2.60370 -0.00673 0.99993 0.00921 -9.24444 -0.00189 -0.00922 0.99996 5.39407
0.99998 0.00671 0.00193 -2.61367 -0.00673 0.99993 0.00924 -9.27921 -0.00187 -0.00925 0.99996 5.41565
0.99998 0.00671 0.00191 -2.62364 -0.00673 0.99993 0.00927 -9.31398 -0.00185 -0.00929 0.99996 5.43724
0.99998 0.00671 0.00190 -2.63361 -0.00673 0.99993 0.00931 -9.34873 -0.00183 -0.00932 0.99995 5.45882
0.99998 0.00671 0.00188 -2.64358 -0.00673 0.99993 0.00934 -9.38348 -0.00182 -0.00935 0.99995 5.48042
0.99998 0.00672 0.00187 -2.65354 -0.00674 0.99993 0.00938 -9.41821 -0.00181 -0.00939 0.99995 5.50201
0.99998 0.00673 0.00187 -2.66350 -0.00674 0.99993 0.00941 -9.45293 -0.00180 -0.00943 0.99995 5.52361
0.99998 0.00674 0.00187 -2.67346 -0.00675 0.99993 0.00945 -9.48764 -0.00180 -0.00946 0.99995 5.54521
0.99998 0.00675 0.00187 -2.68342 -0.00676 0.99993 0.00948 -9.52234 -0.00180 -0.00950 0.99995 5.56681
0.99998 0.00676 0.00187 -2.69338 -0.00678 0.99993 0.00952 -9.55702 -0.00181 -0.00953 0.99995 5.58842
0.99998 0.00678 0.00188 -2.70333 -0.00679 0.99993 0.00956 -9.59170 -0.00182 -0.00957 0.99995 5.61003
0.99998 0.00679 0.00190 -2.71328 -0.00681 0.99993 0.00960 -9.62636 -0.00183 -0.00961 0.99995 5.63164
0.99997 0.00681 0.00191 -2.72323 -0.00683 0.99993 0.00963 -9.66102 -0.00185 -0.00965 0.99995 5.65325
0.99997 0.00683 0.00193 -2.73318 -0.00685 0.99993 0.00967 -9.69567 -0.00187 -0.00968 0.99995 5.67487
0.99997 0.00685 0.00195 -2.74312 -0.00687 0.99993 0.00971 -9.73030 -0.00189 -0.00972 0.99995 5.69649
0.99997 0.00688 0.00198 -2.75307 -0.00690 0.99993 0.00974 -9.76492 -0.00192 -0.00976 0.99995 5.71812
0.99997 0.00690 0.00201 -2.76301 -0.00692 0.99993 0.00978 -9.79953 -0.00195 -0.00979 0.99995 5.73974
0.99997 0.00693 0.00205 -2.77295 -0.00695 0.99993 0.00982 -9.83413 -0.00198 -0.00983 0.99995 5.76137
0.99997 0.00696 0.00209 -2.78289 -0.00698 0.99993 0.00985 -9.86872 -0.00202 -0.00986 0.99995 5.78301
0.99997 0.00698 0.00213 -2.79282 -0.00700 0.99993 0.00989 -9.90330 -0.00206 -0.00990 0.99995 5.80464
0.99997 0.00701 0.00217 -2.80276 -0.00703 0.99993 0.00992 -9.93787 -0.00210 -0.00994 0.99995 5.82629
0.99997 0.00704 0.00222 -2.81269 -0.00706 0.99993 0.00996 -9.97243 -0.00215 -0.00997 0.99995 5.84793
0.99997 0.00706 0.00227 -2.82262 -0.00709 0.99992 0.00999 -10.00697 -0.00220 -0.01001 0.99995 5.86958
0.99997 0.00709 0.00232 -2.83255 -0.00711 0.99992 0.01003 -10.04151 -0.00225 -0.01005 0.99995 5.89123
0.99997 0.00711 0.00237 -2.84247 -0.00713 0.99992 0.01007 -10.07603 -0.00230 -0.01009 0.99995 5.91288
0.99997 0.00712 0.00242 -2.85240 -0.00714 0.99992 0.01012 -10.11055 -0.00235 -0.01013 0.99995 5.93454
0.99997 0.00713 0.00247 -2.86232 -0.00716 0.99992 0.01016 -10.14505 -0.00240 -0.01018 0.99995 5.95620
0.99997 0.00714 0.00252 -2.87224 -0.00716 0.99992 0.01021 -10.17954 -0.00245 -0.01022 0.99994 5.97786
0.99997 0.00714 0.00257 -2.88215 -0.00717 0.99992 0.01026 -10.21402 -0.00250 -0.01027 0.99994 5.99953
0.99997 0.00715 0.00262 -2.89207 -0.00717 0.99992 0.01031 -10.24849 -0.00255 -0.01033 0.99994 6.02120
0.99997 0.00715 0.00267 -2.90198 -0.00717 0.99992 0.01036 -10.28294 -0.00260 -0.01038 0.99994 6.04288
0.99997 0.00714 0.00272 -2.91189 -0.00717 0.99992 0.01042 -10.31739 -0.00265 -0.01044 0.99994 6.06456
0.99997 0.00714 0.00277 -2.92180 -0.00717 0.99992 0.01047 -10.35182 -0.00270 -0.01049 0.99994 6.08624
0.99997 0.00714 0.00282 -2.93171 -0.00717 0.99992 0.01053 -10.38624 -0.00275 -0.01055 0.99994 6.10792
0.99997 0.00714 0.00288 -2.94161 -0.00717 0.99992 0.01059 -10.42066 -0.00280 -0.01061 0.99994 6.12961
0.99997 0.00715 0.00293 -2.95151 -0.00718 0.99992 0.01066 -10.45506 -0.00285 -0.01068 0.99994 6.15131
0.99997 0.00715 0.00298 -2.96141 -0.00718 0.99992 0.01072 -10.48944 -0.00291 -0.01074 0.99994 6.17300
0.99997 0.00715 0.00304 -2.97131 -0.00718 0.99992 0.01078 -10.52382 -0.00296 -0.01081 0.99994 6.19470
0.99997 0.00715 0.00309 -2.98121 -0.00719 0.99992 0.01085 -10.55819 -0.00301 -0.01087 0.99994 6.21640
0.99997 0.00716 0.00314 -2.99110 -0.00719 0.99991 0.01092 -10.59254 -0.00306 -0.01094 0.99994 6.23811
0.99997 0.00716 0.00320 -3.00099 -0.00719 0.99991 0.01098 -10.62688 -0.00312 -0.01100 0.99993 6.25982
0.99997 0.00716 0.00325 -3.01088 -0.00720 0.99991 0.01105 -10.66121 -0.00317 -0.01107 0.99993 6.28153
0.99997 0.00716 0.00330 -3.02077 -0.00720 0.99991 0.01111 -10.69553 -0.00322 -0.01114 0.99993 6.30325
0.99997 0.00716 0.00335 -3.03065 -0.00720 0.99991 0.01118 -10.72984 -0.00327 -0.01120 0.99993 6.32497
0.99997 0.00716 0.00340 -3.04054 -0.00720 0.99991 0.01125 -10.76413 -0.00332 -0.01127 0.99993 6.34669
0.99997 0.00716 0.00345 -3.05042 -0.00720 0.99991 0.01131 -10.79842 -0.00337 -0.01133 0.99993 6.36842
0.99997 0.00716 0.00349 -3.06029 -0.00720 0.99991 0.01137 -10.83269 -0.00341 -0.01140 0.99993 6.39015
0.99997 0.00716 0.00354 -3.07017 -0.00720 0.99991 0.01143 -10.86695 -0.00346 -0.01146 0.99993 6.41189
0.99997 0.00716 0.00359 -3.08004 -0.00720 0.99991 0.01149 -10.90120 -0.00350 -0.01152 0.99993 6.43363
0.99997 0.00717 0.00363 -3.08991 -0.00721 0.99991 0.01155 -10.93544 -0.00355 -0.01157 0.99993 6.45537
0.99997 0.00717 0.00368 -3.09978 -0.00721 0.99991 0.01160 -10.96967 -0.00359 -0.01163 0.99993 6.47711
0.99997 0.00717 0.00372 -3.10965 -0.00722 0.99991 0.01165 -11.00389 -0.00364 -0.01168 0.99993 6.49886
0.99997 0.00718 0.00376 -3.11951 -0.00723 0.99991 0.01170 -11.03809 -0.00368 -0.01172 0.99992 6.52062
0.99997 0.00719 0.00380 -3.12937 -0.00724 0.99990 0.01174 -11.07229 -0.00372 -0.01177 0.99992 6.54237
0.99997 0.00720 0.00384 -3.13923 -0.00725 0.99990 0.01178 -11.10647 -0.00376 -0.01181 0.99992 6.56414
0.99997 0.00722 0.00388 -3.14909 -0.00727 0.99990 0.01182 -11.14065 -0.00380 -0.01185 0.99992 6.58590
0.99997 0.00724 0.00392 -3.15894 -0.00729 0.99990 0.01186 -11.17481 -0.00383 -0.01188 0.99992 6.60767
0.99997 0.00726 0.00395 -3.16880 -0.00731 0.99990 0.01189 -11.20896 -0.00386 -0.01192 0.99992 6.62944
0.99997 0.00729 0.00398 -3.17864 -0.00734 0.99990 0.01192 -11.24310 -0.00390 -0.01195 0.99992 6.65122
0.99997 0.00732 0.00401 -3.18849 -0.00737 0.99990 0.01194 -11.27723 -0.00392 -0.01197 0.99992 6.67300
0.99996 0.00736 0.00404 -3.19834 -0.00741 0.99990 0.01197 -11.31135 -0.00395 -0.01200 0.99992 6.69478
0.99996 0.00740 0.00406 -3.20818 -0.00745 0.99990 0.01199 -11.34546 -0.00397 -0.01202 0.99992 6.71657
0.99996 0.00744 0.00408 -3.21802 -0.00749 0.99990 0.01201 -11.37956 -0.00399 -0.01204 0.99992 6.73836
0.99996 0.00749 0.00410 -3.22785 -0.00754 0.99990 0.01202 -11.41364 -0.00401 -0.01205 0.99992 6.76016
0.99996 0.00754 0.00412 -3.23769 -0.00759 0.99990 0.01203 -11.44772 -0.00402 -0.01206 0.99992 6.78196
0.99996 0.00759 0.00413 -3.24752 -0.00764 0.99990 0.01204 -11.48178 -0.00404 -0.01207 0.99992 6.80377
0.99996 0.00764 0.00413 -3.25735 -0.00769 0.99990 0.01205 -11.51584 -0.00404 -0.01208 0.99992 6.82557
0.99996 0.00770 0.00414 -3.26718 -0.00775 0.99990 0.01205 -11.54988 -0.00405 -0.01208 0.99992 6.84739
0.99996 0.00776 0.00414 -3.27701 -0.00781 0.99990 0.01206 -11.58391 -0.00405 -0.01209 0.99992 6.86920
0.99996 0.00782 0.00414 -3.28683 -0.00787 0.99990 0.01206 -11.61793 -0.00405 -0.01210 0.99992 6.89102
0.99996 0.00787 0.00414 -3.29666 -0.00792 0.99990 0.01207 -11.65194 -0.00404 -0.01210 0.99992 6.91284
0.99996 0.00793 0.00413 -3.30648 -0.00798 0.99990 0.01209 -11.68594 -0.00404 -0.01212 0.99992 6.93467
0.99996 0.00799 0.00413 -3.31630 -0.00804 0.99989 0.01210 -11.71993 -0.00403 -0.01214 0.99992 6.95650
0.99996 0.00804 0.00413 -3.32611 -0.00809 0.99989 0.01213 -11.75391 -0.00403 -0.01216 0.99992 6.97834
0.99996 0.00809 0.00412 -3.33593 -0.00814 0.99989 0.01216 -11.78787 -0.00402 -0.01220 0.99992 7.00017
0.99996 0.00814 0.00412 -3.34574 -0.00819 0.99989 0.01221 -11.82183 -0.00402 -0.01224 0.99992 7.02202
0.99996 0.00818 0.00412 -3.35555 -0.00823 0.99989 0.01226 -11.85577 -0.00402 -0.01229 0.99992 7.04386
0.99996 0.00822 0.00412 -3.36536 -0.00827 0.99989 0.01232 -11.88970 -0.00402 -0.01235 0.99992 7.06571
0.99996 0.00826 0.00412 -3.37516 -0.00831 0.99989 0.01238 -11.92362 -0.00402 -0.01241 0.99991 7.08756
0.99996 0.00830 0.00413 -3.38496 -0.00835 0.99989 0.01245 -11.95753 -0.00403 -0.01249 0.99991 7.10942
0.99996 0.00833 0.00415 -3.39477 -0.00838 0.99989 0.01253 -11.99143 -0.00404 -0.01257 0.99991 7.13128
0.99996 0.00835 0.00417 -3.40457 -0.00840 0.99989 0.01262 -12.02532 -0.00406 -0.01265 0.99991 7.15314
0.99996 0.00837 0.00419 -3.41436 -0.00842 0.99988 0.01271 -12.05920 -0.00409 -0.01274 0.99991 7.17500
0.99996 0.00839 0.00422 -3.42416 -0.00844 0.99988 0.01281 -12.09306 -0.00412 -0.01284 0.99991 7.19687
0.99996 0.00840 0.00426 -3.43395 -0.00845 0.99988 0.01290 -12.12692 -0.00415 -0.01294 0.99991 7.21874
0.99996 0.00841 0.00430 -3.44374 -0.00847 0.99988 0.01301 -12.16076 -0.00419 -0.01304 0.99991 7.24062
0.99996 0.00842 0.00434 -3.45352 -0.00848 0.99988 0.01311 -12.19459 -0.00423 -0.01314 0.99990 7.26250
0.99995 0.00843 0.00438 -3.46331 -0.00849 0.99988 0.01321 -12.22841 -0.00427 -0.01325 0.99990 7.28438
0.99995 0.00844 0.00443 -3.47309 -0.00850 0.99988 0.01331 -12.26223 -0.00432 -0.01334 0.99990 7.30626
0.99995 0.00845 0.00448 -3.48287 -0.00851 0.99987 0.01340 -12.29603 -0.00436 -0.01344 0.99990 7.32815
0.99995 0.00846 0.00452 -3.49265 -0.00852 0.99987 0.01349 -12.32981 -0.00441 -0.01353 0.99990 7.35004
0.99995 0.00848 0.00457 -3.50242 -0.00854 0.99987 0.01358 -12.36359 -0.00445 -0.01362 0.99990 7.37194
0.99995 0.00850 0.00461 -3.51220 -0.00856 0.99987 0.01366 -12.39736 -0.00449 -0.01370 0.99990 7.39384
0.99995 0.00852 0.00465 -3.52197 -0.00859 0.99987 0.01373 -12.43112 -0.00453 -0.01377 0.99989 7.41574
0.99995 0.00855 0.00469 -3.53174 -0.00862 0.99987 0.01380 -12.46486 -0.00457 -0.01384 0.99989 7.43765
0.99995 0.00858 0.00472 -3.54150 -0.00865 0.99987 0.01386 -12.49860 -0.00460 -0.01390 0.99989 7.45956
0.99995 0.00862 0.00475 -3.55127 -0.00868 0.99987 0.01391 -12.53232 -0.00463 -0.01395 0.99989 7.48147
0.99995 0.00866 0.00477 -3.56103 -0.00873 0.99986 0.01396 -12.56604 -0.00465 -0.01400 0.99989 7.50339
0.99995 0.00871 0.00478 -3.57079 -0.00877 0.99986 0.01400 -12.59974 -0.00466 -0.01404 0.99989 7.52531
0.99995 0.00876 0.00480 -3.58054 -0.00883 0.99986 0.01403 -12.63344 -0.00467 -0.01408 0.99989 7.54723
0.99995 0.00882 0.00480 -3.59030 -0.00888 0.99986 0.01406 -12.66712 -0.00468 -0.01410 0.99989 7.56916
0.99995 0.00888 0.00481 -3.60005 -0.00894 0.99986 0.01408 -12.70080 -0.00468 -0.01412 0.99989 7.59110
0.99995 0.00894 0.00481 -3.60980 -0.00901 0.99986 0.01409 -12.73446 -0.00469 -0.01413 0.99989 7.61303
0.99995 0.00901 0.00482 -3.61955 -0.00908 0.99986 0.01409 -12.76812 -0.00469 -0.01414 0.99989 7.63497
0.99995 0.00908 0.00482 -3.62930 -0.00914 0.99986 0.01409 -12.80176 -0.00470 -0.01413 0.99989 7.65691
0.99995 0.00915 0.00483 -3.63904 -0.00921 0.99986 0.01408 -12.83539 -0.00470 -0.01412 0.99989 7.67886
0.99995 0.00922 0.00485 -3.64879 -0.00929 0.99986 0.01406 -12.86902 -0.00472 -0.01411 0.99989 7.70081
0.99995 0.00929 0.00486 -3.65853 -0.00936 0.99986 0.01404 -12.90262 -0.00473 -0.01409 0.99989 7.72276
0.99994 0.00936 0.00488 -3.66827 -0.00943 0.99986 0.01402 -12.93623 -0.00475 -0.01406 0.99989 7.74472
0.99994 0.00944 0.00491 -3.67800 -0.00951 0.99986 0.01398 -12.96982 -0.00477 -0.01403 0.99989 7.76667
0.99994 0.00952 0.00493 -3.68774 -0.00958 0.99986 0.01395 -13.00339 -0.00480 -0.01399 0.99989 7.78863
0.99994 0.00959 0.00496 -3.69747 -0.00966 0.99986 0.01391 -13.03696 -0.00483 -0.01396 0.99989 7.81060
0.99994 0.00967 0.00500 -3.70721 -0.00974 0.99986 0.01387 -13.07052 -0.00486 -0.01392 0.99989 7.83256
0.99994 0.00975 0.00504 -3.71694 -0.00982 0.99986 0.01383 -13.10406 -0.00490 -0.01387 0.99989 7.85453
0.99994 0.00983 0.00508 -3.72666 -0.00990 0.99986 0.01378 -13.13760 -0.00494 -0.01383 0.99989 7.87650
0.99994 0.00992 0.00512 -3.73639 -0.00999 0.99986 0.01374 -13.17112 -0.00498 -0.01379 0.99989 7.89848
0.99994 0.01000 0.00517 -3.74611 -0.01007 0.99986 0.01369 -13.20463 -0.00503 -0.01374 0.99989 7.92045
0.99994 0.01009 0.00522 -3.75583 -0.01016 0.99986 0.01364 -13.23813 -0.00508 -0.01369 0.99989 7.94243
0.99993 0.01018 0.00527 -3.76555 -0.01025 0.99986 0.01359 -13.27162 -0.00513 -0.01364 0.99989 7.96441
0.99993 0.01027 0.00532 -3.77527 -0.01034 0.99985 0.01354 -13.30510 -0.00518 -0.01359 0.99989 7.98640
0.99993 0.01036 0.00537 -3.78498 -0.01044 0.99985 0.01348 -13.33857 -0.00523 -0.01354 0.99989 8.00839
0.99993 0.01046 0.00543 -3.79470 -0.01053 0.99985 0.01342 -13.37203 -0.00529 -0.01348 0.99990 8.03038
0.99993 0.01056 0.00548 -3.80441 -0.01063 0.99985 0.01336 -13.40547 -0.00534 -0.01342 0.99990 8.05237
0.99993 0.01066 0.00554 -3.81412 -0.01073 0.99985 0.01329 -13.43891 -0.00540 -0.01335 0.99990 8.07436
0.99993 0.01076 0.00559 -3.82382 -0.01084 0.99985 0.01322 -13.47233 -0.00545 -0.01328 0.99990 8.09636
0.99992 0.01087 0.00565 -3.83353 -0.01094 0.99985 0.01315 -13.50575 -0.00551 -0.01321 0.99990 8.11837
0.99992 0.01097 0.00571 -3.84323 -0.01105 0.99985 0.01308 -13.53915 -0.00556 -0.01314 0.99990 8.14037
0.99992 0.01108 0.00576 -3.85293 -0.01115 0.99985 0.01300 -13.57254 -0.00562 -0.01306 0.99990 8.16238
0.99992 0.01118 0.00582 -3.86262 -0.01126 0.99985 0.01292 -13.60592 -0.00568 -0.01298 0.99990 8.18439
0.99992 0.01128 0.00588 -3.87232 -0.01136 0.99985 0.01284 -13.63929 -0.00574 -0.01290 0.99990 8.20640
0.99992 0.01138 0.00594 -3.88201 -0.01146 0.99985 0.01275 -13.67265 -0.00579 -0.01282 0.99990 8.22842
0.99992 0.01148 0.00600 -3.89170 -0.01156 0.99985 0.01267 -13.70599 -0.00585 -0.01274 0.99990 8.25043
0.99991 0.01158 0.00606 -3.90139 -0.01165 0.99985 0.01258 -13.73932 -0.00592 -0.01265 0.99990 8.27245
0.99991 0.01167 0.00612 -3.91107 -0.01175 0.99985 0.01249 -13.77265 -0.00598 -0.01256 0.99990 8.29448
0.99991 0.01177 0.00619 -3.92076 -0.01184 0.99985 0.01241 -13.80596 -0.00604 -0.01248 0.99990 8.31650
0.99991 0.01186 0.00625 -3.93044 -0.01194 0.99985 0.01232 -13.83927 -0.00610 -0.01239 0.99990 8.33853
0.99991 0.01196 0.00631 -3.94012 -0.01203 0.99985 0.01223 -13.87256 -0.00616 -0.01230 0.99991 8.36056
0.99991 0.01205 0.00637 -3.94980 -0.01213 0.99985 0.01214 -13.90584 -0.00622 -0.01222 0.99991 8.38260
0.99991 0.01215 0.00643 -3.95947 -0.01222 0.99985 0.01205 -13.93911 -0.00629 -0.01213 0.99991 8.40464
